{"columns":["Arrivals","% Delhi","% Mumbai","% Haridaspur","% Chennai","% Bengaluru","% Kolkata","% Cochin","% Hyderabad","% Others"],"index":[2001,2011,2012,2013,2014,2015,2016,2017,2018,2019,2020,2021],"data":[[2537282,33.7,26.7,0.0,12.0,4.4,0.0,0.0,0.0,23.2],[6309222,35.8,19.7,0.0,10.8,6.3,3.7,0.0,0.0,23.7],[6577745,35.7,19.2,0.0,10.8,6.3,3.4,0.0,0.0,24.6],[6967601,33.0,19.8,0.0,9.8,6.5,3.6,0.0,3.9,23.7],[7679099,30.2,19.0,0.0,8.8,6.3,3.0,0.0,3.1,29.6],[8027133,29.6,18.2,0.0,8.4,6.4,3.8,0.0,3.4,30.2],[8804411,29.7,17.2,8.6,8.1,6.2,4.0,3.6,3.4,19.2],[10035803,28.4,15.7,11.7,7.2,5.7,4.6,3.4,3.1,20.2],[10557976,28.8,15.7,9.8,7.5,5.8,5.1,3.2,3.1,21.0],[10930355,28.1,13.6,10.1,7.3,6.0,5.0,3.1,3.1,23.5],[2744766,29.6,14.6,8.7,6.6,5.6,4.5,3.1,2.7,24.5],[1527114,39.7,13.9,8.73,7.9,6.7,2.8,4.0,5.6,10.6]]}